Cupix section data.
created at: Thu Jun 28 02:38:22 2018
sdk_version: 2486	a8ba42d83687dfad0708747fef359d4528e9a8ff	20180615_004501
tour name: Sample Tour Original - 20180628 (us-west-2)
section name: Section1
section transform matrix: 1, 0, 0, 0, 0, 1, 0, 0, 0, 0, 1, 0, 0, 0, 0, 1
image[0] name: A.jpg
image[0] transform matrix: -0.91656, -0.016353, -0.39956, 1388.4, -0.39985, 0.023868, 0.91627, 1017.5, -0.0054469, 0.99958, -0.028415, 1403.4, 0, 0, 0, 1
image[0] connections: 1, 2, 6, 7, 8, 9
image[1] name: B.jpg
image[1] transform matrix: -0.85323, 0.013851, 0.52136, 417.81, 0.52154, 0.022679, 0.85292, 1011.3, -1.0302e-05, 0.99965, -0.026574, 1399.3, 0, 0, 0, 1
image[1] connections: 0, 2, 3, 5, 6, 7, 9
image[2] name: C.jpg
image[2] transform matrix: -0.95904, 0.013086, 0.28296, -471.81, 0.28322, 0.026935, 0.95868, 993.71, 0.0049234, 0.99955, -0.029538, 1398.1, 0, 0, 0, 1
image[2] connections: 0, 1, 3, 4, 5, 6
image[3] name: D.jpg
image[3] transform matrix: -0.99363, 0.0072969, 0.11242, -1345.4, 0.11258, 0.026894, 0.99328, 1007.6, 0.0042243, 0.99961, -0.027545, 1397.5, 0, 0, 0, 1
image[3] connections: 1, 2, 4, 5, 11
image[4] name: E.jpg
image[4] transform matrix: -0.884, -0.011092, -0.46735, -1355.7, -0.46748, 0.018075, 0.88382, 4.7581, -0.0013555, 0.99978, -0.021164, 1402.8, 0, 0, 0, 1
image[4] connections: 2, 3, 5, 6, 10, 11
image[5] name: F.jpg
image[5] transform matrix: -0.10433, -0.027032, -0.99418, -465.98, -0.99454, 0.00072928, 0.10434, 31.683, -0.0020956, 0.99963, -0.02696, 1400.6, 0, 0, 0, 1
image[5] connections: 1, 2, 3, 4, 6, 7, 9, 10, 11
image[6] name: G.jpg
image[6] transform matrix: 0.78502, -0.015005, -0.61929, 441.24, -0.61943, -0.029735, -0.78449, 11.183, -0.0066437, 0.99945, -0.032637, 1402.9, 0, 0, 0, 1
image[6] connections: 0, 1, 2, 4, 5, 7, 8, 9, 10, 11
image[7] name: H.jpg
image[7] transform matrix: 0.91999, 0.0086031, 0.39186, 1391.7, 0.39194, -0.027129, -0.91959, -12.862, 0.0027196, 0.99959, -0.028331, 1402.1, 0, 0, 0, 1
image[7] connections: 0, 1, 5, 6, 8, 9, 10
image[8] name: I.jpg
image[8] transform matrix: 0.95603, 0.0036467, 0.29323, 1382.7, 0.29323, -0.025504, -0.9557, -1027.7, 0.0039934, 0.99967, -0.025452, 1396.8, 0, 0, 0, 1
image[8] connections: 0, 6, 7, 9, 10, 11
image[9] name: J.jpg
image[9] transform matrix: 0.7569, -0.014351, -0.65338, 436.9, -0.65351, -0.025858, -0.75648, -1023.7, -0.0060387, 0.99956, -0.028951, 1398.4, 0, 0, 0, 1
image[9] connections: 0, 1, 5, 6, 7, 8, 10, 11
image[10] name: K.jpg
image[10] transform matrix: 0.0041433, -0.027805, -0.9996, -469.91, -0.99998, -0.0044581, -0.0040209, -995.5, -0.0043445, 0.9996, -0.027823, 1399.3, 0, 0, 0, 1
image[10] connections: 4, 5, 6, 7, 8, 9, 11
image[11] name: L.jpg
image[11] transform matrix: -0.27151, -0.020161, -0.96222, -1349.9, -0.96243, 0.0031279, 0.27151, -1018, -0.002464, 0.99979, -0.020253, 1398.7, 0, 0, 0, 1
image[11] connections: 3, 4, 5, 6, 8, 9, 10

